<?xml version="1.0" encoding="utf-8"?>
<!-- Generator: Adobe Illustrator 19.1.1, SVG Export Plug-In . SVG Version: 6.00 Build 0)  -->
<svg version="1.1" id="Слой_1" xmlns="http://www.w3.org/2000/svg" xmlns:xlink="http://www.w3.org/1999/xlink" x="0px" y="0px"
	 viewBox="-39 110 880 341" style="enable-background:new -39 110 880 341;" xml:space="preserve">
<style type="text/css">
	.st0{display:none;}
	.st1{display:inline;fill:none;stroke:#000000;stroke-width:30;stroke-miterlimit:10;}
	.st2{display:inline;}
	.st3{display:inline;fill:#603813;}
</style>
<g id="Слой_2" class="st0">
	<polygon class="st1" points="-2872.1,393 -2742.1,168 -2612.1,393 	"/>
	<polygon class="st1" points="-2391.1,153 -2521.1,378 -2651.1,153 	"/>
	<polygon class="st1" points="-2834.1,153 -2964.1,378 -3094.1,153 	"/>
	<polygon class="st2" points="-3053.3,300.4 -3162.5,151.3 -3209.1,151.3 -3053.3,364 -2897.4,151 -2944,151.1 	"/>
</g>
<g id="var1">
	<polygon points="-3064.3,332.5 -3078.6,355.9 -3078.6,355.9 -3078.7,355.9 -3079.2,355.9 -3094,332.5 -3094,332.5 -3171.8,204.1 
		-3186.7,179.2 -3158.3,179 -3143.6,203.9 -3080,309.1 -3080,309.1 -3079.3,309.4 -3064.8,332.5 -3064.5,332.5 	"/>
	<polygon class="st0" points="-2771.9,93.7 -2771.9,93.8 -2772,93.8 -2772,93.7 	"/>
	<polygon points="-2979,177.8 -2992.7,202.6 -3063.4,330.1 -3063.4,330.1 -3077.6,355.9 -3077.7,355.9 -3077.7,355.9 -3091.9,330.1 
		-3077.8,304.7 -3077.6,304.3 -3021.6,203.2 -3007.8,178.4 -2984,177.9 	"/>
	<polygon points="-2903.4,147.2 -2905.6,151.2 -2917.3,172.3 -3034.8,384.4 -3049.1,410.2 -3063.4,384.4 -3049.1,358.6 
		-2945.9,172.5 -2934.3,151.4 -2932,147.4 -2920.4,147.3 	"/>
	<polygon points="-3114.9,-34.3 -3114.9,-34.2 -3115,-34.2 -3115,-34.3 	"/>
	<polygon class="st0" points="-3056.2,175 -3042.6,200 -3071,200 -3084.8,175 -3058.2,175 	"/>
	<polygon class="st0" points="-2783.8,288.2 -2783.8,288.2 -2783.9,288.3 -2813.4,288.9 -2813.4,288.9 -2828,289.2 -2851.7,289.6 
		-2856.8,289.8 -2880.6,290.2 -3018.6,293 -3046.7,293.6 -3061.3,294 -3061.4,294 -3089.9,294.5 -3077.6,270.9 -3076.6,269.3 
		-3060.2,269.1 -3048.1,269 -3048.1,269 -3032,268.7 -2866.8,265.4 -2843,264.9 -2838,264.8 -2829.7,264.6 -2829.7,264.5 
		-2829.3,264.5 -2814.1,264.1 -2800.1,263.7 -2800,263.6 -2800,263.5 	"/>
</g>
<g id="Слой_4">
	<polygon points="-2696.1,409.7 -2724.7,409.8 -2738.4,385 -2738.5,384.8 -2788.7,294 -2788.8,293.9 -2788.8,294.3 -2802.6,270 
		-2774,270 -2760.3,294.3 -2760.2,294.2 -2710,384.9 -2710,384.9 	"/>
	<polygon points="-2812.8,148 -2827.1,173.4 -2841.4,198.9 -2944.6,384.9 -2944.7,385.1 -2958.5,409.8 -2958.5,410.4 -2986.9,411 
		-2987.1,411 -2987,410.3 -2973.3,385.3 -2973.2,384.9 -2855.7,172.9 -2841.4,147.6 -2841.4,148 	"/>
	<polygon points="-2696.1,409.7 -2724.7,410.3 -2958.5,411 -2987.1,411 -2987,410.8 -2973.3,386 -2710,386 -2710,385.4 	"/>
	
		<rect x="-2323" y="119.7" transform="matrix(-0.8751 0.4839 -0.4839 -0.8751 -4148.2764 1831.6514)" class="st0" width="25" height="521.7"/>
	
		<rect x="-2197.5" y="126.8" transform="matrix(-0.8746 -0.4848 0.4848 -0.8746 -4257.5088 -435.1088)" class="st0" width="25" height="412.3"/>
	<rect x="-2475.3" y="233.2" class="st0" width="422.2" height="25"/>
	<polygon points="-2760.3,294.9 -2788.6,295 -2788.8,295 -2841,293.9 -2841,268.9 -2802.6,270 -2774,270 	"/>
	<polygon points="-2478.2,147.3 -2506.7,147.3 -2520.4,172 -2520.5,172.3 -2570.7,263 -2570.8,263.1 -2570.8,263.7 -2584.6,289 
		-2556,289 -2542.3,263.7 -2542.2,263.3 -2492,172.4 -2492,172.3 	"/>
	<polygon points="-2594.8,411 -2609.1,384.6 -2623.4,358.6 -2726.6,172.3 -2726.7,172.1 -2740.5,147.2 -2740.5,147.6 -2768.9,148 
		-2769.2,148 -2769,147.7 -2755.3,172.3 -2755.2,172.3 -2637.7,384.2 -2623.4,410.5 -2623.4,411 	"/>
	<polygon points="-2478.2,147.3 -2506.7,147.7 -2740.5,148 -2769.2,148 -2769,148.2 -2755.3,173 -2492,173 -2492,172.6 	"/>
	<polygon points="-2542.3,264.1 -2570.6,264 -2570.8,264 -2623,263.1 -2623,288.1 -2584.6,289 -2556,289 	"/>
</g>
<g id="Слой_5" class="st0">
	<polygon class="st2" points="-2069.4,193.8 -2083.2,218.6 -2153.8,346.1 -2153.8,346.1 -2168.1,371.9 -2168.1,371.9 -2168.1,371.9 
		-2182.3,346.1 -2168.2,320.7 -2168,320.3 -2112,219.2 -2098.2,194.4 -2074.5,193.9 	"/>
	<polygon class="st2" points="-1993.8,163.2 -1996,167.2 -2007.7,188.3 -2125.3,400.4 -2139.6,426.2 -2153.8,400.4 -2139.5,374.6 
		-2036.4,188.5 -2024.7,167.4 -2022.5,163.4 -2010.8,163.3 	"/>
	<polygon class="st2" points="-1786.6,425.7 -1815.1,425.8 -1828.8,401 -1829,400.8 -1879.2,310 -1879.2,309.9 -1879.2,310.3 
		-1893,286 -1864.5,286 -1850.7,310.3 -1850.6,310.2 -1800.4,400.9 -1800.4,400.9 	"/>
	<polygon class="st2" points="-1903.2,164 -1917.5,189.4 -1931.8,214.9 -2035,400.9 -2035.1,401.1 -2048.9,425.8 -2048.9,426.4 
		-2077.3,427 -2077.6,427 -2077.5,426.3 -2063.7,401.3 -2063.6,400.9 -1946.1,188.9 -1931.8,163.6 -1931.8,164 	"/>
	<polygon class="st2" points="-1786.6,425.7 -1815.1,426.3 -2048.9,427 -2077.6,427 -2077.5,426.8 -2063.7,402 -1800.4,402 
		-1800.4,401.4 	"/>
	<polygon class="st2" points="-1850.7,310.9 -1879,311 -1879.2,311 -1931,309.9 -1931,284.9 -1893,286 -1864.5,286 	"/>
	<polygon class="st2" points="-1568.6,163.3 -1597.1,163.3 -1610.8,188 -1611,188.3 -1661.2,279 -1661.2,279.1 -1661.2,279.7 
		-1675,305 -1646.5,305 -1632.7,279.7 -1632.6,279.3 -1582.4,188.4 -1582.4,188.3 	"/>
	<polygon class="st2" points="-1685.2,427 -1699.5,400.6 -1713.8,374.6 -1817,188.3 -1817.1,188.1 -1830.9,163.2 -1830.9,163.6 
		-1859.3,164 -1859.6,164 -1859.5,163.7 -1845.7,188.3 -1845.6,188.3 -1728.1,400.2 -1713.8,426.5 -1713.8,427 	"/>
	<polygon class="st2" points="-1568.6,163.3 -1597.1,163.7 -1830.9,164 -1859.6,164 -1859.5,164.2 -1845.7,189 -1582.4,189 
		-1582.4,188.6 	"/>
	<polygon class="st2" points="-1632.7,280.1 -1661,280 -1661.2,280 -1713,279.1 -1713,304.1 -1675,305 -1646.5,305 	"/>
	<polygon class="st2" points="-2153.9,345.6 -2154.1,345.6 -2168.7,322.8 -2169,322.5 -2169,322.5 -2173,316 -2172.8,315.6 
		-2172.9,315.6 -2173.1,315.6 -2183.9,298.7 -2234.5,218.1 -2249.9,193.5 -2250.1,193.5 -2253.5,188.1 -2268.9,163.5 -2297.3,164.1 
		-2281.9,188.7 -2202,316 -2202,316.1 -2194.3,328 -2183,346 -2183,346.1 -2168.1,369.2 -2167.8,369.2 -2167.8,369.2 -2167.8,369.3 
		-2153.8,345.6 	"/>
</g>
<g id="Слой_6">
	<polygon points="-2070.5,263 -2084.3,287.4 -2103.8,322.4 -2103.8,322.2 -2118.1,348 -2118.1,348 -2118.1,347.9 -2132.3,322.1 
		-2118.2,296.7 -2118,296.3 -2112.9,287.5 -2099,263 	"/>
	<polygon points="-1943.8,139.2 -1946,143.2 -1957.7,164.3 -2075.3,376.4 -2089.6,402.2 -2103.8,376.4 -2089.5,350.6 -1986.4,164.5 
		-1974.7,143.4 -1972.5,139.4 -1960.8,139.3 	"/>
	<polygon points="-1736.6,401.7 -1765.1,401.8 -1778.8,377 -1779,376.8 -1829.2,286 -1829.2,285.9 -1829.2,286.8 -1843,263 
		-1814.5,263 -1800.7,286.8 -1800.6,286.4 -1750.4,377 -1750.4,376.9 	"/>
	<polygon points="-1853.2,141 -1867.5,165.9 -1881.8,191.1 -1985,377 -1985.1,377.1 -1998.9,401.9 -1998.9,402.9 -2027.3,404 
		-2027.6,404 -2027.5,402.8 -2013.7,377.5 -2013.6,377 -1896.1,165 -1881.8,140.1 -1881.8,141 	"/>
	<polygon points="-1736.6,401.7 -1765.1,402.8 -1998.9,404 -2027.6,404 -2027.5,403.8 -2013.7,379 -1750.4,379 -1750.4,377.9 	"/>
	<polygon points="-1800.7,287.9 -1829,288 -1829.2,288 -1882,285.9 -1882,260.9 -1843,263 -1814.5,263 	"/>
	<polygon points="-1518.6,139.3 -1547.1,139.3 -1560.8,164 -1561,164.3 -1611.2,255 -1611.2,255.1 -1611.2,256.2 -1625,282 
		-1596.5,282 -1582.7,256.2 -1582.6,255.6 -1532.4,164.5 -1532.4,164.3 	"/>
	<polygon points="-1635.2,404 -1649.5,377.1 -1663.8,350.9 -1767,164.5 -1767.1,164.1 -1780.9,139.3 -1780.9,140.1 -1809.3,141 
		-1809.6,141 -1809.5,140.2 -1795.7,164.5 -1795.6,164.5 -1678.1,376.3 -1663.8,403 -1663.8,404 	"/>
	<polygon points="-1518.6,139.3 -1547.1,140.2 -1780.9,141 -1809.6,141 -1809.5,141.2 -1795.7,166 -1532.4,166 -1532.4,165.1 	"/>
	<polygon points="-1582.7,257.1 -1611,257 -1611.2,257 -1664,255.1 -1664,280.1 -1625,282 -1596.5,282 	"/>
	<polygon points="-2103.9,321.6 -2104.1,321.6 -2119.2,298.8 -2120,298.5 -2120,298.5 -2123.5,292 -2123.1,291.6 -2123,291.6 
		-2123.1,291.6 -2133.9,274.7 -2184.5,194.1 -2200,169.5 -2200.1,169.5 -2203.5,164.1 -2218.9,139.5 -2247.3,140.1 -2232.4,164.7 
		-2153,292 -2153,292.1 -2145.3,304 -2134,322 -2134,322.1 -2118.6,345.2 -2118.1,345.2 -2117.9,345.2 -2117.9,345.3 	"/>
</g>
<g id="_x31__x5F_bykva">
	<polygon points="-1199.6,146 -1241.8,146 -1263.8,110.1 -1263.9,110 -1221.6,110 -1221.6,110.1 	"/>
	<polygon points="-879.6,110 -879.7,110.1 -901.7,146 -943.9,146 -921.9,110.1 -921.9,110 	"/>
	<polygon points="-1082.8,336.4 -1103.9,370.8 -1125,336.4 -1241.8,146.1 -1241.8,146 -1263.8,110.1 -1263.9,110 -1221.6,110 
		-1221.6,110.1 -1199.6,146 -1199.5,146.1 -1103.9,302 	"/>
	<polygon points="-1050.6,388.8 -1071.8,423.3 -1092.9,388.8 -1071.8,354.4 	"/>
	<polygon points="-879.6,110 -879.7,110.1 -901.7,146 -901.8,146.1 -1050.6,388.8 -1071.8,423.3 -1092.9,388.8 -1071.8,354.4 
		-944,146.1 -943.9,146 -921.9,110.1 -921.9,110 	"/>
	<polygon points="-1037.2,262 -1059.3,298 -1082.8,336.4 -1082.8,336.4 -1103.9,370.8 -1125,336.4 -1103.9,302 -1101.5,298 
		-1079.4,262 	"/>
</g>
<g id="_x32__x5F_bykva" class="st0">
	<polygon class="st3" points="-81.7,99 -81.8,99.1 -103.8,135 -443.9,135 -465.9,99.1 -466,99 	"/>
	<polygon class="st3" points="-252.7,377.8 -255.8,382.8 -256,383.2 -273.9,412.3 -291.8,383 -292,382.7 -295,377.8 -367.2,260.1 
		-367.2,260 -389.3,224 -443.9,135.1 -443.9,135 -465.9,99.1 -466,99 -423.7,99 -423.7,99.1 -401.7,135 -401.6,135.1 -347.1,224 
		-347,224.1 -325,260 -325,260.1 -292,313.8 -291.8,314.2 -273.9,343.4 -256,372.5 -255.8,372.9 	"/>
	<polygon class="st3" points="-252.7,377.8 -255.8,382.8 -256,383.2 -273.9,412.3 -291.8,383 -292,382.7 -295,377.8 -292,373 
		-291.8,372.7 -273.9,343.4 -256,372.5 -255.8,372.9 	"/>
	<polygon class="st3" points="-81.7,99 -81.8,99.1 -103.8,135 -103.9,135.1 -158.4,224 -158.4,224.1 -180.5,260 -222.7,260 
		-200.7,224.1 -200.6,224 -146.1,135.1 -146.1,135 -124,99.1 -124,99 	"/>
	<polygon class="st3" points="-389.3,224 -347.1,224 -347,224 -325,260 -325,260 -367.2,260 	"/>
	<polygon class="st3" points="-158.4,224 -158.4,224.1 -180.5,260 -292,260 -292,224 	"/>
	<rect x="-292" y="99" class="st3" width="36" height="36"/>
	<polygon class="st3" points="-256,383.2 -273.9,412.3 -291.8,383 -292,382.7 -292,313.8 -291.8,314.2 -273.9,343.4 -256,372.5 	"/>
	<rect x="-292" y="224" class="st3" width="36" height="36"/>
</g>
<g id="Слой_10" class="st0">
	<polygon class="st2" points="-626.7,412 -626.8,411.9 -648.8,376 -988.9,376 -1010.9,411.9 -1011,412 	"/>
	<polygon class="st2" points="-797.7,133.4 -800.8,128.5 -801,128.1 -818.9,99 -836.8,128.2 -837,128.6 -840,133.4 -912.2,251.2 
		-912.2,251.3 -934.3,287.3 -988.9,376.2 -988.9,376.3 -1010.9,412.1 -1011,412 -968.7,412 -968.7,412.1 -946.7,376.2 -946.6,376.2 
		-892.1,287.3 -892,287.2 -870,251.3 -870,251.2 -837,197.4 -836.8,197.1 -818.9,167.9 -801,138.7 -800.8,138.4 	"/>
	<polygon class="st2" points="-797.7,133.4 -800.8,128.5 -801,128.1 -818.9,99 -836.8,128.2 -837,128.6 -840,133.4 -837,138.3 
		-836.8,138.6 -818.9,167.9 -801,138.7 -800.8,138.4 	"/>
	<polygon class="st2" points="-626.7,412 -626.8,412.1 -648.8,376.2 -648.9,376.2 -703.4,287.3 -703.4,287.1 -725.5,251 -767.7,251 
		-745.7,287.1 -745.6,287.2 -691.1,376.2 -691.1,376.3 -669,412.1 -669,412 	"/>
	<polygon class="st2" points="-912.2,251 -870,251 -870,251 -892,287 -892.1,287 -934.3,287 	"/>
	<rect x="-837" y="376" class="st2" width="36" height="36"/>
	<polygon class="st2" points="-801,128.1 -818.9,99 -836.8,128.2 -837,128.6 -837,197.4 -836.8,197.1 -818.9,167.9 -801,138.7 	"/>
</g>
<g id="Слой_9">
	<polygon points="-375.8,110 -397.8,146 -737.9,146 -759.9,110.1 -760,110 	"/>
	<polygon points="-546.7,388.8 -550,394.2 -567.9,423.3 -585.8,394 -586,393.7 -589,388.8 -644.6,298.1 -644.7,298 -666.7,262.1 
		-666.8,262 -737.9,146.1 -737.9,146 -759.9,110.1 -760,110 -717.7,110 -717.7,110.1 -695.7,146 -695.6,146.1 -624.5,262 
		-624.5,262.1 -602.5,298 -602.4,298.1 -586,324.8 -585.8,325.2 -567.9,354.4 -550,383.5 -549.8,383.9 	"/>
	<polygon points="-546.7,388.8 -550,394.2 -567.9,423.3 -585.8,394 -586,393.7 -589,388.8 -586,384 -567.9,354.4 -550,383.5 
		-549.8,383.9 	"/>
	<polygon points="-375.8,110 -397.8,146 -449.3,230 -469,262 -511.2,262 -491.6,230 -440.1,146 -418,110 	"/>
	<polygon points="-602.4,298 -644.7,298 -666.7,262.1 -666.8,262 -624.5,262 	"/>
	<rect x="-586" y="110" width="36" height="36"/>
	<polygon points="-550,383.5 -550,394.2 -567.9,423.3 -585.8,394 -586,393.7 -586,324.8 -585.8,325.2 -567.9,354.4 	"/>
</g>
<g id="Слой_12" class="st0">
	<polygon class="st3" points="-1042,412 -1019.9,376 -679.8,376 -657.8,411.9 -657.8,412 	"/>
	<polygon class="st3" points="-871,133.4 -867.7,128.1 -849.9,99 -831.9,128.2 -831.7,128.6 -828.8,133.4 -773.1,224.2 -773,224.3 
		-751,260.2 -751,260.3 -679.9,376.2 -679.8,376.3 -657.8,412.1 -657.8,412 -700,412 -700,412.1 -722.1,376.2 -722.1,376.2 
		-793.2,260.3 -793.2,260.2 -815.3,224.3 -815.3,224.2 -831.7,197.4 -831.9,197.1 -849.9,167.9 -867.7,138.7 -867.9,138.4 	"/>
	<polygon class="st3" points="-871,133.4 -867.7,128.1 -849.9,99 -831.9,128.2 -831.7,128.6 -828.8,133.4 -831.7,138.3 
		-849.9,167.9 -867.7,138.7 -867.9,138.4 	"/>
	<polygon class="st3" points="-1042,412 -1019.9,376.1 -948.8,260.1 -926.7,224 -884.5,224 -906.5,260.1 -977.7,376.1 -999.7,412 	
		"/>
	<polygon class="st3" points="-815.3,224 -773,224 -751,259.9 -751,260 -793.2,260 	"/>
	<polygon class="st3" points="-948.8,260 -926.7,224 -832,224 -832,260 	"/>
	<rect x="-868" y="376" class="st3" width="36" height="36"/>
	<polygon class="st3" points="-868,138.7 -868,128.1 -850,99 -832.1,128.2 -832,128.6 -832,197.4 -832.1,197.1 -850.1,167.9 	"/>
	<rect x="-868" y="224" class="st3" width="36" height="36"/>
</g>
<g id="Слой_11" class="st0">
	<rect x="155" y="107" class="st3" width="450" height="36"/>
	
		<rect x="87.1" y="242.3" transform="matrix(0.5228 0.8525 -0.8525 0.5228 370.8442 -141.8639)" class="st3" width="450" height="36"/>
	
		<rect x="243.9" y="237.6" transform="matrix(-0.5228 0.8525 -0.8525 -0.5228 931.953 -10.5056)" class="st3" width="450" height="36"/>
	<rect x="177.2" y="232" class="st3" width="450" height="36"/>
	<rect x="371.2" y="37" class="st3" width="36" height="450"/>
</g>
<g id="Слой_13">
	<polygon points="-627.8,422 -649.8,386 -989.9,386 -1011.9,421.9 -1012,422 	"/>
	<polygon points="-798.7,143.4 -802,138.1 -819.9,109 -837.8,138.2 -838,138.6 -841,143.4 -896.6,234.2 -896.7,234.3 -918.7,270.2 
		-918.8,270.3 -989.9,386.2 -989.9,386.3 -1011.9,422.1 -1012,422 -969.7,422 -969.7,422.1 -947.7,386.2 -947.6,386.2 -876.5,270.3 
		-876.5,270.2 -854.5,234.3 -854.4,234.2 -838,207.4 -837.8,207.1 -819.9,177.9 -802,148.7 -801.8,148.4 	"/>
	<polygon points="-798.7,143.4 -802,138.1 -819.9,109 -837.8,138.2 -838,138.6 -841,143.4 -838,148.3 -819.9,177.9 -802,148.7 
		-801.8,148.4 	"/>
	<polygon points="-627.8,422 -670,422 -692.1,386.1 -748.6,294 -763.2,270.1 -768.2,262 -725.9,262 -721,270.1 -706.3,294 
		-649.8,386.1 	"/>
	<polygon points="-854.4,234 -896.7,234 -918.7,269.9 -918.8,270 -876.5,270 	"/>
	<rect x="-838" y="386" width="36" height="36"/>
	<polygon points="-802,148.7 -802,138.1 -819.9,109 -837.8,138.2 -838,138.6 -838,207.4 -837.8,207.1 -819.9,177.9 	"/>
</g>
<g id="Слой_14">
</g>
<g id="Слой_15">
	<g id="Слой_16">
	</g>
	<polygon points="127,350.4 105.9,384.8 84.8,350.4 -11.7,193 -31.9,160.1 -31.9,160 -32.9,158.5 -11.7,124.1 9.4,158.5 10.3,160 
		10.3,160.1 105.9,316 	"/>
	<polygon points="308.9,158.7 308.1,160 308.1,160.1 287.8,193.1 159.2,402.8 138.1,437.3 117,402.8 138.1,368.4 265.9,160.1 
		265.9,160 266.7,158.7 287.8,124.3 	"/>
	<polygon points="151,311.3 150.6,312 129.9,345.7 127,350.4 127,350.4 105.9,384.8 84.8,350.4 105.9,316 108.4,312 108.8,311.3 
		129.9,276.8 	"/>
	<polygon points="834.1,124 812,160 472,160 449.9,124.1 449.9,124 	"/>
	<polygon points="663.1,402.8 659.9,408.2 642,437.3 624.1,408 623.9,407.7 620.9,402.8 565.2,312.1 565.2,312 543.1,276.1 
		543.1,276 472,160.1 472,160 449.9,124.1 449.9,124 492.1,124 492.2,124.1 514.2,160 514.2,160.1 585.3,276 585.4,276.1 607.4,312 
		607.4,312.1 623.9,338.8 624.1,339.2 642,368.4 659.9,397.5 660.1,397.9 	"/>
	<polygon points="834.1,124 812,160 762.3,241.1 760.5,244 741.2,275.5 739.8,273.3 734.8,265.1 720.1,241.1 741.2,206.7 769.8,160 
		791.9,124 	"/>
	<polygon points="582.1,436 560,400 220,400 197.9,435.9 197.9,436 	"/>
	<polygon points="411.1,157.4 407.9,152.1 390,123 372.1,152.2 371.9,152.6 368.9,157.4 313.2,248.2 313.2,248.3 291.1,284.2 
		291.1,284.3 220,400.2 220,400.3 197.9,436.1 197.9,436 240.1,436 240.2,436.1 262.2,400.2 262.2,400.2 333.3,284.3 333.4,284.2 
		355.4,248.3 355.4,248.2 371.9,221.4 372.1,221.1 390,191.9 407.9,162.7 408.1,162.4 	"/>
	<polygon points="582.1,436 539.9,436 517.8,400.1 484.2,345.4 463.1,310.9 483.3,278.1 484.2,276.5 488.9,284.1 503.6,308 
		505.4,310.9 560,400.1 	"/>
</g>
</svg>
